SDDS1
&description text="n-line aperture search--input: temp.ele  lattice: parTrack.lte", contents="n-line aperture search", &end
&parameter name=Step, description="Simulation step", type=long, &end
&parameter name=SVNVersion, description="SVN version number", type=string, &end
&parameter name=Area, units="m$a2$n", type=double, &end
&column name=x, symbol=x, units=m, type=double,  &end
&column name=y, symbol=y, units=m, type=double,  &end
&column name=xClipped, symbol=xClipped, units=m, type=double,  &end
&column name=yClipped, symbol=yClipped, units=m, type=double,  &end
&column name=sLost, units=m, type=double,  &end
&column name=xLost, units=m, type=double,  &end
&column name=yLost, units=m, type=double,  &end
&column name=step, type=double,  &end
&data mode=ascii, &end
! page number 1
1
unknown
 5.195397343331934e-04
                  51
-4.000000000000000e-02  0.000000000000000e+00 -4.000000000000000e-02  0.000000000000000e+00  3.066670000000001e+01  4.002034644916252e-02  0.000000000000000e+00  1.000000000000000e+00 
-1.984229402628956e-02  2.506664671286085e-03 -1.984229402628956e-02  2.506664671286085e-03  3.066670000000001e+01  8.285679519685998e-03  1.179233939437621e-02  1.000000000000000e+00 
-1.937166322257262e-02  4.973797743297095e-03 -1.937166322257262e-02  4.973797743297095e-03  3.066670000000001e+01  2.118363857886784e-02  1.126265661084908e-02  1.000000000000000e+00 
-1.859552971776503e-02  7.362491053693562e-03 -1.859552971776503e-02  6.845471059286888e-03  3.066670000000001e+01 -1.843062758243831e-02 -1.275120322274717e-02  1.000000000000000e+00 
-1.752613360087727e-02  9.635073482034308e-03 -1.752613360087727e-02  6.845471059286888e-03  3.066670000000001e+01 -1.019292318771725e-02  1.062853164016785e-02  1.000000000000000e+00 
-1.213525491562421e-02  8.816778784387098e-03 -1.213525491562421e-02  6.845471059286888e-03  3.066670000000001e+01  1.506025280161113e-02 -1.055753784003148e-02  1.000000000000000e+00 
-7.289686274214114e-03  6.845471059286888e-03 -7.289686274214114e-03  6.845471059286888e-03  3.066670000000001e+01 -6.458372435547255e-03  1.002476600426498e-02  1.000000000000000e+00 
-6.374239897486897e-03  7.705132427757894e-03 -6.374239897486897e-03  7.705132427757894e-03  3.066670000000001e+01 -5.073602559210109e-03  1.099844959783209e-02  1.000000000000000e+00 
-5.358267949789965e-03  8.443279255020152e-03 -5.358267949789965e-03  8.443279255020152e-03  3.066670000000001e+01  3.598544733301430e-03 -1.084879329887278e-02  1.000000000000000e+00 
-4.257792915650726e-03  9.048270524660196e-03 -4.257792915650726e-03  9.048270524660196e-03  3.066670000000001e+01  2.708431716501003e-03 -1.221858227090316e-02  1.000000000000000e+00 
-3.090169943749474e-03  9.510565162951536e-03 -3.090169943749474e-03  9.510565162951536e-03  3.066670000000001e+01  1.841406319335742e-03 -1.329154371170827e-02  1.000000000000000e+00 
-1.873813145857245e-03  9.822872507286888e-03 -1.873813145857245e-03  9.822872507286888e-03  3.066670000000001e+01  1.002099755997774e-03 -1.404041633526272e-02  1.000000000000000e+00 
-6.279051952931324e-04  9.980267284282716e-03 -6.279051952931324e-04  9.980267284282716e-03  3.066670000000001e+01  1.811813015263119e-04 -1.446179306616957e-02  1.000000000000000e+00 
 3.139525976465673e-04  4.990133642141358e-03  3.139525976465673e-04  4.990133642141358e-03  3.066670000000001e+01 -7.642535307629863e-04  1.000009868462130e-02  1.000000000000000e+00 
 1.873813145857249e-03  9.822872507286886e-03  1.873813145857249e-03  4.990133642141358e-03  3.066670000000001e+01 -1.489318046722154e-03 -1.434094305229701e-02  1.000000000000000e+00 
 3.090169943749476e-03  9.510565162951536e-03  3.090169943749476e-03  4.990133642141358e-03  3.066670000000001e+01 -2.382952186146441e-03 -1.379823455169338e-02  1.000000000000000e+00 
 4.257792915650728e-03  9.048270524660194e-03  4.257792915650728e-03  4.990133642141358e-03  3.066670000000001e+01 -3.331286462557939e-03 -1.292993336848336e-02  1.000000000000000e+00 
 5.358267949789969e-03  8.443279255020149e-03  5.358267949789969e-03  4.990133642141358e-03  3.066670000000001e+01 -4.328079148120162e-03 -1.174653281329193e-02  1.000000000000000e+00 
 6.374239897486898e-03  7.705132427757892e-03  6.374239897486898e-03  4.990133642141358e-03  3.066670000000001e+01 -5.351285852613257e-03 -1.028686274124769e-02  1.000000000000000e+00 
 7.289686274214117e-03  6.845471059286885e-03  7.289686274214117e-03  4.990133642141358e-03  3.066670000000001e+01  6.102953619527333e-03  1.007923724803560e-02  1.000000000000000e+00 
 1.213525491562421e-02  8.816778784387098e-03  9.297764858882515e-03  4.990133642141358e-03  3.066670000000001e+01 -1.715498394048038e-02 -1.339534158853063e-02  1.000000000000000e+00 
 1.314460020065795e-02  7.226305111525728e-03  9.297764858882515e-03  4.990133642141358e-03  3.066670000000001e+01 -1.826506216709822e-02 -1.057808618584636e-02  1.000000000000000e+00 
 9.297764858882515e-03  3.681245526846777e-03  9.297764858882515e-03  3.681245526846777e-03  3.066670000000001e+01 -1.281673523626222e-02 -1.000771729618718e-02  1.000000000000000e+00 
 1.937166322257262e-02  4.973797743297095e-03  1.488172051971717e-02  3.681245526846777e-03  3.066670000000001e+01 -2.402318605208022e-02  1.250353500259213e-02  1.000000000000000e+00 
 1.488172051971717e-02  1.879998503464560e-03  1.488172051971717e-02  1.879998503464560e-03  3.066670000000001e+01 -1.738656685732176e-02 -1.013018658914635e-02  1.000000000000000e+00 
 3.500000000000000e-02  0.000000000000000e+00  3.500000000000000e-02  0.000000000000000e+00  3.066670000000001e+01 -4.459487508546758e-02  0.000000000000000e+00  1.000000000000000e+00 
 1.488172051971717e-02 -1.879998503464566e-03  1.488172051971717e-02 -1.879998503464566e-03  3.066670000000001e+01 -1.738656685732285e-02  1.013018658912830e-02  1.000000000000000e+00 
 1.937166322257262e-02 -4.973797743297101e-03  1.488172051971717e-02 -3.681245526846784e-03  3.066670000000001e+01 -2.402318605208182e-02 -1.250353500259229e-02  1.000000000000000e+00 
 9.297764858882512e-03 -3.681245526846784e-03  9.297764858882512e-03 -3.681245526846784e-03  3.066670000000001e+01 -1.281673523627080e-02  1.000771729612979e-02  1.000000000000000e+00 
 1.314460020065795e-02 -7.226305111525732e-03  9.297764858882512e-03 -4.990133642141358e-03  3.066670000000001e+01 -1.826506216710131e-02  1.057808618584700e-02  1.000000000000000e+00 
 1.213525491562421e-02 -8.816778784387103e-03  9.297764858882512e-03 -4.990133642141358e-03  3.066670000000001e+01 -1.715498394048037e-02  1.339534158852923e-02  1.000000000000000e+00 
 7.289686274214114e-03 -6.845471059286888e-03  7.289686274214114e-03 -4.990133642141358e-03  3.066670000000001e+01  6.102953619529273e-03 -1.007923724803571e-02  1.000000000000000e+00 
 6.374239897486895e-03 -7.705132427757894e-03  6.374239897486895e-03 -4.990133642141358e-03  3.066670000000001e+01 -5.351285852615318e-03  1.028686274124757e-02  1.000000000000000e+00 
 5.358267949789962e-03 -8.443279255020154e-03  5.358267949789962e-03 -4.990133642141358e-03  3.066670000000001e+01 -4.328079148120540e-03  1.174653281329202e-02  1.000000000000000e+00 
 4.257792915650721e-03 -9.048270524660198e-03  4.257792915650721e-03 -4.990133642141358e-03  3.066670000000001e+01 -3.331286462558049e-03  1.292993336848343e-02  1.000000000000000e+00 
 3.090169943749475e-03 -9.510565162951536e-03  3.090169943749475e-03 -4.990133642141358e-03  3.066670000000001e+01 -2.382952186145723e-03  1.379823455169351e-02  1.000000000000000e+00 
 1.873813145857246e-03 -9.822872507286888e-03  1.873813145857246e-03 -4.990133642141358e-03  3.066670000000001e+01 -1.489318046723728e-03  1.434094305229701e-02  1.000000000000000e+00 
 3.139525976465657e-04 -4.990133642141358e-03  3.139525976465657e-04 -4.990133642141358e-03  3.066670000000001e+01 -7.642535307857429e-04 -1.000009868462095e-02  1.000000000000000e+00 
-6.279051952931378e-04 -9.980267284282716e-03 -6.279051952931378e-04 -9.980267284282716e-03  3.066670000000001e+01  1.811813015285144e-04  1.446179306616957e-02  1.000000000000000e+00 
-1.873813145857252e-03 -9.822872507286886e-03 -1.873813145857252e-03 -9.822872507286886e-03  3.066670000000001e+01  1.002099755998030e-03  1.404041633526285e-02  1.000000000000000e+00 
-3.090169943749473e-03 -9.510565162951536e-03 -3.090169943749473e-03 -9.510565162951536e-03  3.066670000000001e+01  1.841406319335918e-03  1.329154371170827e-02  1.000000000000000e+00 
-4.257792915650727e-03 -9.048270524660194e-03 -4.257792915650727e-03 -9.048270524660194e-03  3.066670000000001e+01  2.708431716500457e-03  1.221858227090318e-02  1.000000000000000e+00 
-5.358267949789968e-03 -8.443279255020151e-03 -5.358267949789968e-03 -8.443279255020151e-03  3.066670000000001e+01  3.598544733298111e-03  1.084879329887270e-02  1.000000000000000e+00 
-6.374239897486900e-03 -7.705132427757891e-03 -6.374239897486900e-03 -7.705132427757891e-03  3.066670000000001e+01 -5.073602559206860e-03 -1.099844959783122e-02  1.000000000000000e+00 
-7.289686274214119e-03 -6.845471059286883e-03 -7.289686274214119e-03 -6.845471059286883e-03  3.066670000000001e+01 -6.458372435546660e-03 -1.002476600426412e-02  1.000000000000000e+00 
-1.213525491562422e-02 -8.816778784387089e-03 -1.213525491562422e-02 -6.845471059286883e-03  3.066670000000001e+01  1.506025280161098e-02  1.055753784003143e-02  1.000000000000000e+00 
-1.752613360087727e-02 -9.635073482034306e-03 -1.752613360087727e-02 -6.845471059286883e-03  3.066670000000001e+01 -1.019292318771725e-02 -1.062853164016784e-02  1.000000000000000e+00 
-1.859552971776503e-02 -7.362491053693556e-03 -1.859552971776503e-02 -6.845471059286883e-03  3.066670000000001e+01 -1.843062758243831e-02  1.275120322274717e-02  1.000000000000000e+00 
-1.937166322257262e-02 -4.973797743297089e-03 -1.937166322257262e-02 -4.973797743297089e-03  3.066670000000001e+01  2.118363857882565e-02 -1.126265661070287e-02  1.000000000000000e+00 
-1.984229402628956e-02 -2.506664671286074e-03 -1.984229402628956e-02 -2.506664671286074e-03  3.066670000000001e+01  8.285679519689641e-03 -1.179233939440499e-02  1.000000000000000e+00 
-4.000000000000000e-02  0.000000000000000e+00 -4.000000000000000e-02  0.000000000000000e+00  3.066670000000001e+01  4.002034644916252e-02  0.000000000000000e+00  1.000000000000000e+00 
